ursa
450248027
487058887
455656917
450247907
459179967
450506127
458357467
450506207
450247687
459180037
456055517
459179917
403690277
460495527
460463827
402830837
403699407
403447397
460491847
448615277
366735577
455945327
366771797
460492197
456040007
384697387
366763947
459179957
403697557
456056597
414439277
462132947
455954367
455954747
460492447
455961477
466506937
459179997
460478897
460478877
462132557
366738877
459180017
459180027
455946337
455946147
456043717
459180067
459179927
455981707
459179937
384099097
456044177
459179977
455946137
459180047
