rgdpsa_qoq
449520787
460335857
449520857
449520977
460335907
460335917
449521037
460335957
454809317
497013947
449521157
449521177
449521237
449521277
460336057
449521317
449521327
460336127
449520767
460335787
449520797
460335797
449520807
460335837
449520827
460464037
449520877
449520887
449520897
449520907
449520917
449520927
449520937
460335897
449520947
449520967
449520987
449520997
449521007
449521027
449521047
449521067
449521077
449521087
449521097
460335977
449521117
449521147
460335997
449521167
449521187
449521197
449521207
449521217
449521227
449521247
449521257
449521287
449521297
449521307
460336077
460336087
449521347
460335807
460335847
460335887
449520957
460335927
449521017
460335937
449521057
460335947
460335967
449521127
449521137
460335987
460336047
449521267
460336067
449521337
460336097
449520777
460335827
449520817
449520837
449520847
449520867
460335877
449521107
460336007
460336017
460336027
449521357
460336107
